
		ALL TRAFFIC FILE

 RDSN  DSN   SRC  DEST  FL  PL   TSTAMP      TSTAMP      PKT_TYPE         PAYLOAD
       0046  0001  FFFF  41  24  27978860  000000000.0  ORDINARY_PKT   02 18 08 00 00 01 00 00 00 00 00 00 FF FF FF FF FF FF FF FF FF FF FF FF
       0050  0001  FFFF  41  24  27982956  000000004.0  ORDINARY_PKT   02 18 0C 00 00 01 00 00 00 00 00 00 FF FF FF FF FF FF FF FF FF FF FF FF
       0130  0001  FFFF  41  24  28064877  00084.00098  ORDINARY_PKT   02 18 5C 00 00 01 00 00 00 00 00 00 FF FF FF FF FF FF FF FF FF FF FF FF
       0139  0001  FFFF  41  24  28074089  00092.99707  ORDINARY_PKT   02 18 65 00 00 01 00 00 00 00 00 00 FF FF FF FF FF FF FF FF FF FF FF FF
       0169  0001  FFFF  41  24  28104809  00122.99707  ORDINARY_PKT   02 18 83 00 00 01 00 00 00 00 00 00 FF FF FF FF FF FF FF FF FF FF FF FF
       0184  0001  FFFF  41  24  28120176  000138.0039  ORDINARY_PKT   02 18 92 00 00 01 00 00 00 00 00 00 FF FF FF FF FF FF FF FF FF FF FF FF
       0006  0001  FFFF  41  24  28200045  00216.00098  ORDINARY_PKT   02 18 E0 00 00 01 00 00 00 00 00 00 FF FF FF FF FF FF FF FF FF FF FF FF
       0037  0001  FFFF  41  24  28231783  00246.99512  ORDINARY_PKT   02 18 FF 00 00 01 00 00 00 00 00 00 FF FF FF FF FF FF FF FF FF FF FF FF
       0230  0001  FFFF  41  24  28429414  00439.99414  ORDINARY_PKT   02 18 C0 00 00 01 00 00 00 00 00 00 FF FF FF FF FF FF FF FF FF FF FF FF
       0001  0001  FFFF  41  24  28457062  00466.99414  ORDINARY_PKT   02 18 DB 00 00 01 00 00 00 00 00 00 FF FF FF FF FF FF FF FF FF FF FF FF
       0035  0001  FFFF  41  24  30064736  002036.9883  ORDINARY_PKT   02 18 FD 00 00 01 00 00 00 00 00 00 FF FF FF FF FF FF FF FF FF FF FF FF
       0000  0014  FFFF  45  28  66520881  00037638.69  ORDINARY_PKT   03 01 00 00 00 14 00 00 00 00 00 00 00 00 00 00 00 00 00 00 00 00 00 00 00 00 00 00
       0001  0014  FFFF  45  28  66520930  00037638.74  ORDINARY_PKT   03 01 00 01 00 14 01 00 00 00 00 00 00 00 00 00 00 00 00 00 00 00 00 00 00 00 00 00
       0002  0014  FFFF  45  28  66520984  00037638.79  ORDINARY_PKT   03 01 00 02 00 14 02 00 00 00 00 00 00 00 00 00 00 00 00 00 00 00 00 00 00 00 00 00
       0003  0014  FFFF  45  28  66521035  00037638.84  ORDINARY_PKT   03 01 00 03 00 14 03 00 00 00 00 00 00 00 00 00 00 00 00 00 00 00 00 00 00 00 00 00
       0004  0014  FFFF  45  28  66521078  0037638.883  ORDINARY_PKT   03 01 00 04 00 14 04 00 00 00 00 00 00 00 00 00 00 00 00 00 00 00 00 00 00 00 00 00
       0005  0014  FFFF  45  28  66521127  00037638.93  ORDINARY_PKT   03 01 00 05 00 14 05 00 00 00 00 00 00 00 00 00 00 00 00 00 00 00 00 00 00 00 00 00
       0006  0014  FFFF  45  28  66521182  0037638.984  ORDINARY_PKT   03 01 00 06 00 14 06 00 00 00 00 00 00 00 00 00 00 00 00 00 00 00 00 00 00 00 00 00
       0007  0014  FFFF  45  28  66521228  00037639.03  ORDINARY_PKT   03 01 00 07 00 14 07 00 00 00 00 00 00 00 00 00 00 00 00 00 00 00 00 00 00 00 00 00
       0008  0014  FFFF  45  28  66521279  0037639.082  ORDINARY_PKT   03 01 00 08 00 14 08 00 00 00 00 00 00 00 00 00 00 00 00 00 00 00 00 00 00 00 00 00
       0009  0014  FFFF  45  28  66521331  0037639.133  ORDINARY_PKT   03 01 00 09 00 14 09 00 00 00 00 00 00 00 00 00 00 00 00 00 00 00 00 00 00 00 00 00
       0010  0014  FFFF  45  28  66521379  00037639.18  ORDINARY_PKT   03 01 00 0A 00 14 0A 00 00 00 00 00 00 00 00 00 00 00 00 00 00 00 00 00 00 00 00 00
       0011  0014  FFFF  45  28  66521432  00037639.23  ORDINARY_PKT   03 01 00 0B 00 14 0B 00 00 00 00 00 00 00 00 00 00 00 00 00 00 00 00 00 00 00 00 00
       0012  0014  FFFF  45  28  66521478  0037639.273  ORDINARY_PKT   03 01 00 0C 00 14 0C 00 00 00 00 00 00 00 00 00 00 00 00 00 00 00 00 00 00 00 00 00
       0013  0014  FFFF  45  28  66521534  00037639.33  ORDINARY_PKT   03 01 00 0D 00 14 0D 00 00 00 00 00 00 00 00 00 00 00 00 00 00 00 00 00 00 00 00 00
       0014  0014  FFFF  45  28  66521582  0037639.375  ORDINARY_PKT   03 01 00 0E 00 14 0E 00 00 00 00 00 00 00 00 00 00 00 00 00 00 00 00 00 00 00 00 00
       0015  0014  FFFF  45  28  66521625  0037639.418  ORDINARY_PKT   03 01 00 0F 00 14 0F 00 00 00 00 00 00 00 00 00 00 00 00 00 00 00 00 00 00 00 00 00
       0016  0014  FFFF  45  28  66521680  0037639.473  ORDINARY_PKT   03 01 00 10 00 14 10 00 00 00 00 00 00 00 00 00 00 00 00 00 00 00 00 00 00 00 00 00
       0017  0014  FFFF  45  28  66521729  00037639.52  ORDINARY_PKT   03 01 00 11 00 14 11 00 00 00 00 00 00 00 00 00 00 00 00 00 00 00 00 00 00 00 00 00
       0018  0014  FFFF  45  28  66521780  00037639.57  ORDINARY_PKT   03 01 00 12 00 14 12 00 00 00 00 00 00 00 00 00 00 00 00 00 00 00 00 00 00 00 00 00
       0019  0014  FFFF  45  28  66521828  0037639.617  ORDINARY_PKT   03 01 00 13 00 14 13 00 00 00 00 00 00 00 00 00 00 00 00 00 00 00 00 00 00 00 00 00
       0020  0014  FFFF  45  28  66521882  00037639.67  ORDINARY_PKT   03 01 00 14 00 14 14 00 00 00 00 00 00 00 00 00 00 00 00 00 00 00 00 00 00 00 00 00
       0021  0014  FFFF  45  28  66521932  00037639.72  ORDINARY_PKT   03 01 00 15 00 14 15 00 00 00 00 00 00 00 00 00 00 00 00 00 00 00 00 00 00 00 00 00
       0022  0014  FFFF  45  28  66521980  0037639.766  ORDINARY_PKT   03 01 00 16 00 14 16 00 00 00 00 00 00 00 00 00 00 00 00 00 00 00 00 00 00 00 00 00
       0023  0014  FFFF  45  28  66522030  0037639.812  ORDINARY_PKT   03 01 00 17 00 14 17 00 00 00 00 00 00 00 00 00 00 00 00 00 00 00 00 00 00 00 00 00
       0024  0014  FFFF  45  28  66522080  00037639.86  ORDINARY_PKT   03 01 00 18 00 14 18 00 00 00 00 00 00 00 00 00 00 00 00 00 00 00 00 00 00 00 00 00
       0025  0014  FFFF  40  23  66522088  0037639.867  ORDINARY_PKT   01 01 00 19 00 14 7E 00 00 04 C7 00 00 00 00 00 00 19 00 00 02 BC 7E
       0026  0014  FFFF  45  28  66522128  0037639.906  ORDINARY_PKT   03 01 00 1A 00 14 19 00 00 00 00 00 00 00 00 00 00 00 00 00 00 00 00 00 00 00 00 00
       0027  0014  FFFF  45  28  66522179  0037639.957  ORDINARY_PKT   03 01 00 1B 00 14 1A 00 00 00 00 00 00 00 00 00 00 00 00 00 00 00 00 00 00 00 00 00
       0028  0014  FFFF  45  28  66522228  0037640.004  ORDINARY_PKT   03 01 00 1C 00 14 1B 00 00 00 00 00 00 00 00 00 00 00 00 00 00 00 00 00 00 00 00 00
       0029  0014  FFFF  45  28  66522280  0037640.055  ORDINARY_PKT   03 01 00 1D 00 14 1C 00 00 00 00 00 00 00 00 00 00 00 00 00 00 00 00 00 00 00 00 00
       0030  0014  FFFF  45  28  66522334  00037640.11  ORDINARY_PKT   03 01 00 1E 00 14 1D 00 00 00 00 00 00 00 00 00 00 00 00 00 00 00 00 00 00 00 00 00
       0031  0014  FFFF  45  28  66522383  0037640.156  ORDINARY_PKT   03 01 00 1F 00 14 1E 00 00 00 00 00 00 00 00 00 00 00 00 00 00 00 00 00 00 00 00 00
       0032  0014  FFFF  45  28  66522431  0037640.203  ORDINARY_PKT   03 01 00 20 00 14 1F 00 00 00 00 00 00 00 00 00 00 00 00 00 00 00 00 00 00 00 00 00
       0033  0014  FFFF  45  28  66522487  0037640.258  ORDINARY_PKT   03 01 00 21 00 14 20 00 00 00 00 00 00 00 00 00 00 00 00 00 00 00 00 00 00 00 00 00
       0034  0014  FFFF  45  28  66522535  0037640.305  ORDINARY_PKT   03 01 00 22 00 14 21 00 00 00 00 00 00 00 00 00 00 00 00 00 00 00 00 00 00 00 00 00
       0035  0014  FFFF  45  28  66522577  0037640.344  ORDINARY_PKT   03 01 00 23 00 14 22 00 00 00 00 00 00 00 00 00 00 00 00 00 00 00 00 00 00 00 00 00
       0036  0014  FFFF  45  28  66522626  00037640.39  ORDINARY_PKT   03 01 00 24 00 14 23 00 00 00 00 00 00 00 00 00 00 00 00 00 00 00 00 00 00 00 00 00
       0037  0014  FFFF  45  28  66522682  0037640.445  ORDINARY_PKT   03 01 00 25 00 14 24 00 00 00 00 00 00 00 00 00 00 00 00 00 00 00 00 00 00 00 00 00
       0038  0014  FFFF  45  28  66522729  0037640.492  ORDINARY_PKT   03 01 00 26 00 14 25 00 00 00 00 00 00 00 00 00 00 00 00 00 00 00 00 00 00 00 00 00
       0039  0014  FFFF  45  28  66522780  0037640.543  ORDINARY_PKT   03 01 00 27 00 14 26 00 00 00 00 00 00 00 00 00 00 00 00 00 00 00 00 00 00 00 00 00
       0040  0014  FFFF  45  28  66522826  0037640.586  ORDINARY_PKT   03 01 00 28 00 14 27 00 00 00 00 00 00 00 00 00 00 00 00 00 00 00 00 00 00 00 00 00
       0041  0014  FFFF  45  28  66522883  00037640.64  ORDINARY_PKT   03 01 00 29 00 14 28 00 00 00 00 00 00 00 00 00 00 00 00 00 00 00 00 00 00 00 00 00
       0042  0014  FFFF  45  28  66522925  00037640.68  ORDINARY_PKT   03 01 00 2A 00 14 29 00 00 00 00 00 00 00 00 00 00 00 00 00 00 00 00 00 00 00 00 00
       0043  0014  FFFF  45  28  66522981  0037640.734  ORDINARY_PKT   03 01 00 2B 00 14 2A 00 00 00 00 00 00 00 00 00 00 00 00 00 00 00 00 00 00 00 00 00
       0044  0014  FFFF  45  28  66523032  0037640.785  ORDINARY_PKT   03 01 00 2C 00 14 2B 00 00 00 00 00 00 00 00 00 00 00 00 00 00 00 00 00 00 00 00 00
       0045  0014  FFFF  45  28  66523079  0037640.832  ORDINARY_PKT   03 01 00 2D 00 14 2C 00 00 00 00 00 00 00 00 00 00 00 00 00 00 00 00 00 00 00 00 00
       0046  0014  FFFF  45  28  66523127  00037640.88  ORDINARY_PKT   03 01 00 2E 00 14 2D 00 00 00 00 00 00 00 00 00 00 00 00 00 00 00 00 00 00 00 00 00
       0047  0014  FFFF  45  28  66523184  0037640.934  ORDINARY_PKT   03 01 00 2F 00 14 2E 00 00 00 00 00 00 00 00 00 00 00 00 00 00 00 00 00 00 00 00 00
       0048  0014  FFFF  45  28  66523235  0037640.984  ORDINARY_PKT   03 01 00 30 00 14 2F 00 00 00 00 00 00 00 00 00 00 00 00 00 00 00 00 00 00 00 00 00
       0049  0014  FFFF  45  28  66523284  00037641.03  ORDINARY_PKT   03 01 00 31 00 14 30 00 00 00 00 00 00 00 00 00 00 00 00 00 00 00 00 00 00 00 00 00
       0050  0014  FFFF  40  23  66523295  0037641.043  ORDINARY_PKT   01 01 00 32 00 14 7E 00 00 09 7B 00 00 01 00 00 00 32 00 00 05 73 7E
       0051  0014  FFFF  45  28  66523332  00037641.08  ORDINARY_PKT   03 01 00 33 00 14 31 00 00 00 00 00 00 00 00 00 00 00 00 00 00 00 00 00 00 00 00 00
       0052  0014  FFFF  45  28  66523384  00037641.13  ORDINARY_PKT   03 01 00 34 00 14 32 00 00 00 00 00 00 00 00 00 00 00 00 00 00 00 00 00 00 00 00 00
       0053  0014  FFFF  45  28  66523434  00037641.18  ORDINARY_PKT   03 01 00 35 00 14 33 00 00 00 00 00 00 00 00 00 00 00 00 00 00 00 00 00 00 00 00 00
       0054  0014  FFFF  45  28  66523482  0037641.227  ORDINARY_PKT   03 01 00 36 00 14 34 00 00 00 00 00 00 00 00 00 00 00 00 00 00 00 00 00 00 00 00 00
       0055  0014  FFFF  45  28  66523529  0037641.273  ORDINARY_PKT   03 01 00 37 00 14 35 00 00 00 00 00 00 00 00 00 00 00 00 00 00 00 00 00 00 00 00 00
       0056  0014  FFFF  45  28  66523579  00037641.32  ORDINARY_PKT   03 01 00 38 00 14 36 00 00 00 00 00 00 00 00 00 00 00 00 00 00 00 00 00 00 00 00 00
       0057  0014  FFFF  45  28  66523634  0037641.375  ORDINARY_PKT   03 01 00 39 00 14 37 00 00 00 00 00 00 00 00 00 00 00 00 00 00 00 00 00 00 00 00 00
       0058  0014  FFFF  45  28  66523683  00037641.42  ORDINARY_PKT   03 01 00 3A 00 14 38 00 00 00 00 00 00 00 00 00 00 00 00 00 00 00 00 00 00 00 00 00
       0059  0014  FFFF  45  28  66523725  00037641.46  ORDINARY_PKT   03 01 00 3B 00 14 39 00 00 00 00 00 00 00 00 00 00 00 00 00 00 00 00 00 00 00 00 00
       0060  0014  FFFF  45  28  66523775  0037641.508  ORDINARY_PKT   03 01 00 3C 00 14 3A 00 00 00 00 00 00 00 00 00 00 00 00 00 00 00 00 00 00 00 00 00
       0061  0014  FFFF  45  28  66523834  0037641.566  ORDINARY_PKT   03 01 00 3D 00 14 3B 00 00 00 00 00 00 00 00 00 00 00 00 00 00 00 00 00 00 00 00 00
       0062  0014  FFFF  45  28  66523877  00037641.61  ORDINARY_PKT   03 01 00 3E 00 14 3C 00 00 00 00 00 00 00 00 00 00 00 00 00 00 00 00 00 00 00 00 00
       0063  0014  FFFF  45  28  66523932  0037641.664  ORDINARY_PKT   03 01 00 3F 00 14 3D 00 00 00 00 00 00 00 00 00 00 00 00 00 00 00 00 00 00 00 00 00
       0064  0014  FFFF  45  28  66523979  00037641.71  ORDINARY_PKT   03 01 00 40 00 14 3E 00 00 00 00 00 00 00 00 00 00 00 00 00 00 00 00 00 00 00 00 00
       0065  0014  FFFF  45  28  66524033  0037641.766  ORDINARY_PKT   03 01 00 41 00 14 3F 00 00 00 00 00 00 00 00 00 00 00 00 00 00 00 00 00 00 00 00 00
       0066  0014  FFFF  45  28  66524076  00037641.81  ORDINARY_PKT   03 01 00 42 00 14 40 00 00 00 00 00 00 00 00 00 00 00 00 00 00 00 00 00 00 00 00 00
       0067  0014  FFFF  45  28  66524132  0037641.863  ORDINARY_PKT   03 01 00 43 00 14 41 00 00 00 00 00 00 00 00 00 00 00 00 00 00 00 00 00 00 00 00 00
       0068  0014  FFFF  45  28  66524184  0037641.914  ORDINARY_PKT   03 01 00 44 00 14 42 00 00 00 00 00 00 00 00 00 00 00 00 00 00 00 00 00 00 00 00 00
       0069  0014  FFFF  45  28  66524240  00037641.97  ORDINARY_PKT   03 01 00 45 00 14 43 00 00 00 00 00 00 00 00 00 00 00 00 00 00 00 00 00 00 00 00 00
       0070  0014  FFFF  45  28  66524288  0037642.016  ORDINARY_PKT   03 01 00 46 00 14 44 00 00 00 00 00 00 00 00 00 00 00 00 00 00 00 00 00 00 00 00 00
       0071  0014  FFFF  45  28  66524337  0037642.062  ORDINARY_PKT   03 01 00 47 00 14 45 00 00 00 00 00 00 00 00 00 00 00 00 00 00 00 00 00 00 00 00 00
       0072  0014  FFFF  45  28  66524385  00037642.11  ORDINARY_PKT   03 01 00 48 00 14 46 00 00 00 00 00 00 00 00 00 00 00 00 00 00 00 00 00 00 00 00 00
       0073  0014  FFFF  45  28  66524441  0037642.164  ORDINARY_PKT   03 01 00 49 00 14 47 00 00 00 00 00 00 00 00 00 00 00 00 00 00 00 00 00 00 00 00 00
       0074  0014  FFFF  45  28  66524482  0037642.203  ORDINARY_PKT   03 01 00 4A 00 14 48 00 00 00 00 00 00 00 00 00 00 00 00 00 00 00 00 00 00 00 00 00
       0075  0014  FFFF  40  23  66524485  0037642.207  ORDINARY_PKT   01 01 00 4B 00 14 7E 00 00 0E 23 00 00 02 00 00 00 4B 00 00 08 2A 7E
       0076  0014  FFFF  45  28  66524527  00037642.25  ORDINARY_PKT   03 01 00 4C 00 14 49 00 00 00 00 00 00 00 00 00 00 00 00 00 00 00 00 00 00 00 00 00
       0077  0014  FFFF  45  28  66524580  000037642.3  ORDINARY_PKT   03 01 00 4D 00 14 4A 00 00 00 00 00 00 00 00 00 00 00 00 00 00 00 00 00 00 00 00 00
       0078  0014  FFFF  45  28  66524630  00037642.35  ORDINARY_PKT   03 01 00 4E 00 14 4B 00 00 00 00 00 00 00 00 00 00 00 00 00 00 00 00 00 00 00 00 00
       0079  0014  FFFF  45  28  66524680  000037642.4  ORDINARY_PKT   03 01 00 4F 00 14 4C 00 00 00 00 00 00 00 00 00 00 00 00 00 00 00 00 00 00 00 00 00
       0080  0014  FFFF  45  28  66524731  00037642.45  ORDINARY_PKT   03 01 00 50 00 14 4D 00 00 00 00 00 00 00 00 00 00 00 00 00 00 00 00 00 00 00 00 00
       0081  0014  FFFF  45  28  66524784  000037642.5  ORDINARY_PKT   03 01 00 51 00 14 4E 00 00 00 00 00 00 00 00 00 00 00 00 00 00 00 00 00 00 00 00 00
       0082  0014  FFFF  45  28  66524825  00037642.54  ORDINARY_PKT   03 01 00 52 00 14 4F 00 00 00 00 00 00 00 00 00 00 00 00 00 00 00 00 00 00 00 00 00
       0083  0014  FFFF  45  28  66524876  00037642.59  ORDINARY_PKT   03 01 00 53 00 14 50 00 00 00 00 00 00 00 00 00 00 00 00 00 00 00 00 00 00 00 00 00
       0084  0014  FFFF  45  28  66524928  00037642.64  ORDINARY_PKT   03 01 00 54 00 14 51 00 00 00 00 00 00 00 00 00 00 00 00 00 00 00 00 00 00 00 00 00
       0085  0014  FFFF  45  28  66524983  0037642.695  ORDINARY_PKT   03 01 00 55 00 14 52 00 00 00 00 00 00 00 00 00 00 00 00 00 00 00 00 00 00 00 00 00
       0086  0014  FFFF  45  28  66525030  0037642.742  ORDINARY_PKT   03 01 00 56 00 14 53 00 00 00 00 00 00 00 00 00 00 00 00 00 00 00 00 00 00 00 00 00
       0087  0014  FFFF  45  28  66525076  00037642.79  ORDINARY_PKT   03 01 00 57 00 14 54 00 00 00 00 00 00 00 00 00 00 00 00 00 00 00 00 00 00 00 00 00
       0088  0014  FFFF  45  28  66525126  0037642.836  ORDINARY_PKT   03 01 00 58 00 14 55 00 00 00 00 00 00 00 00 00 00 00 00 00 00 00 00 00 00 00 00 00
       0089  0014  FFFF  45  28  66525183  00037642.89  ORDINARY_PKT   03 01 00 59 00 14 56 00 00 00 00 00 00 00 00 00 00 00 00 00 00 00 00 00 00 00 00 00
       0090  0014  FFFF  45  28  66525231  0037642.938  ORDINARY_PKT   03 01 00 5A 00 14 57 00 00 00 00 00 00 00 00 00 00 00 00 00 00 00 00 00 00 00 00 00
       0091  0014  FFFF  45  28  66525287  0037642.992  ORDINARY_PKT   03 01 00 5B 00 14 58 00 00 00 00 00 00 00 00 00 00 00 00 00 00 00 00 00 00 00 00 00
       0092  0014  FFFF  45  28  66525328  00037643.03  ORDINARY_PKT   03 01 00 5C 00 14 59 00 00 00 00 00 00 00 00 00 00 00 00 00 00 00 00 00 00 00 00 00
       0093  0014  FFFF  45  28  66525382  0037643.086  ORDINARY_PKT   03 01 00 5D 00 14 5A 00 00 00 00 00 00 00 00 00 00 00 00 00 00 00 00 00 00 00 00 00
       0094  0014  FFFF  45  28  66525431  0037643.133  ORDINARY_PKT   03 01 00 5E 00 14 5B 00 00 00 00 00 00 00 00 00 00 00 00 00 00 00 00 00 00 00 00 00
       0095  0014  FFFF  45  28  66525484  0037643.184  ORDINARY_PKT   03 01 00 5F 00 14 5C 00 00 00 00 00 00 00 00 00 00 00 00 00 00 00 00 00 00 00 00 00
       0096  0014  FFFF  45  28  66525526  0037643.227  ORDINARY_PKT   03 01 00 60 00 14 5D 00 00 00 00 00 00 00 00 00 00 00 00 00 00 00 00 00 00 00 00 00
       0097  0014  FFFF  45  28  66525583  00037643.28  ORDINARY_PKT   03 01 00 61 00 14 5E 00 00 00 00 00 00 00 00 00 00 00 00 00 00 00 00 00 00 00 00 00
       0098  0014  FFFF  45  28  66525633  00037643.33  ORDINARY_PKT   03 01 00 62 00 14 5F 00 00 00 00 00 00 00 00 00 00 00 00 00 00 00 00 00 00 00 00 00
       0099  0014  FFFF  45  28  66525679  0037643.375  ORDINARY_PKT   03 01 00 63 00 14 60 00 00 00 00 00 00 00 00 00 00 00 00 00 00 00 00 00 00 00 00 00
       0100  0014  FFFF  40  23  66525685  0037643.383  ORDINARY_PKT   01 01 00 64 00 14 7E 00 00 12 D7 00 00 03 00 00 00 64 00 00 0A E1 7E
       0101  0014  FFFF  45  28  66525734  00037643.43  ORDINARY_PKT   03 01 00 65 00 14 61 00 00 00 00 00 00 00 00 00 00 00 00 00 00 00 00 00 00 00 00 00
       0102  0014  FFFF  45  28  66525780  0037643.477  ORDINARY_PKT   03 01 00 66 00 14 62 00 00 00 00 00 00 00 00 00 00 00 00 00 00 00 00 00 00 00 00 00
       0103  0014  FFFF  45  28  66525828  0037643.523  ORDINARY_PKT   03 01 00 67 00 14 63 00 00 00 00 00 00 00 00 00 00 00 00 00 00 00 00 00 00 00 00 00
       0104  0014  FFFF  45  28  66525876  00037643.57  ORDINARY_PKT   03 01 00 68 00 14 64 00 00 00 00 00 00 00 00 00 00 00 00 00 00 00 00 00 00 00 00 00
       0105  0014  FFFF  45  28  66525928  00037643.62  ORDINARY_PKT   03 01 00 69 00 14 65 00 00 00 00 00 00 00 00 00 00 00 00 00 00 00 00 00 00 00 00 00
       0106  0014  FFFF  45  28  66525977  0037643.668  ORDINARY_PKT   03 01 00 6A 00 14 66 00 00 00 00 00 00 00 00 00 00 00 00 00 00 00 00 00 00 00 00 00
       0107  0014  FFFF  45  28  66526029  00037643.72  ORDINARY_PKT   03 01 00 6B 00 14 67 00 00 00 00 00 00 00 00 00 00 00 00 00 00 00 00 00 00 00 00 00
       0108  0014  FFFF  45  28  66526084  0037643.773  ORDINARY_PKT   03 01 00 6C 00 14 68 00 00 00 00 00 00 00 00 00 00 00 00 00 00 00 00 00 00 00 00 00
       0109  0014  FFFF  45  28  66526132  00037643.82  ORDINARY_PKT   03 01 00 6D 00 14 69 00 00 00 00 00 00 00 00 00 00 00 00 00 00 00 00 00 00 00 00 00
       0110  0014  FFFF  45  28  66526180  0037643.867  ORDINARY_PKT   03 01 00 6E 00 14 6A 00 00 00 00 00 00 00 00 00 00 00 00 00 00 00 00 00 00 00 00 00
       0111  0014  FFFF  45  28  66526236  00037643.92  ORDINARY_PKT   03 01 00 6F 00 14 6B 00 00 00 00 00 00 00 00 00 00 00 00 00 00 00 00 00 00 00 00 00
       0112  0014  FFFF  45  28  66526285  00037643.97  ORDINARY_PKT   03 01 00 70 00 14 6C 00 00 00 00 00 00 00 00 00 00 00 00 00 00 00 00 00 00 00 00 00
       0113  0014  FFFF  45  28  66526340  0037644.023  ORDINARY_PKT   03 01 00 71 00 14 6D 00 00 00 00 00 00 00 00 00 00 00 00 00 00 00 00 00 00 00 00 00
       0114  0014  FFFF  45  28  66526381  0037644.062  ORDINARY_PKT   03 01 00 72 00 14 6E 00 00 00 00 00 00 00 00 00 00 00 00 00 00 00 00 00 00 00 00 00
       0115  0014  FFFF  45  28  66526434  0037644.113  ORDINARY_PKT   03 01 00 73 00 14 6F 00 00 00 00 00 00 00 00 00 00 00 00 00 00 00 00 00 00 00 00 00
       0116  0014  FFFF  45  28  66526475  0037644.152  ORDINARY_PKT   03 01 00 74 00 14 70 00 00 00 00 00 00 00 00 00 00 00 00 00 00 00 00 00 00 00 00 00
       0117  0014  FFFF  45  28  66526534  00037644.21  ORDINARY_PKT   03 01 00 75 00 14 71 00 00 00 00 00 00 00 00 00 00 00 00 00 00 00 00 00 00 00 00 00
       0118  0014  FFFF  45  28  66526581  0037644.258  ORDINARY_PKT   03 01 00 76 00 14 72 00 00 00 00 00 00 00 00 00 00 00 00 00 00 00 00 00 00 00 00 00
       0119  0014  FFFF  45  28  66526626  000037644.3  ORDINARY_PKT   03 01 00 77 00 14 73 00 00 00 00 00 00 00 00 00 00 00 00 00 00 00 00 00 00 00 00 00
       0120  0014  FFFF  45  28  66526681  0037644.355  ORDINARY_PKT   03 01 00 78 00 14 74 00 00 00 00 00 00 00 00 00 00 00 00 00 00 00 00 00 00 00 00 00
       0121  0014  FFFF  45  28  66526727  000037644.4  ORDINARY_PKT   03 01 00 79 00 14 75 00 00 00 00 00 00 00 00 00 00 00 00 00 00 00 00 00 00 00 00 00
       0122  0014  FFFF  45  28  66526775  0037644.445  ORDINARY_PKT   03 01 00 7A 00 14 76 00 00 00 00 00 00 00 00 00 00 00 00 00 00 00 00 00 00 00 00 00
       0123  0014  FFFF  45  28  66526829  000037644.5  ORDINARY_PKT   03 01 00 7B 00 14 77 00 00 00 00 00 00 00 00 00 00 00 00 00 00 00 00 00 00 00 00 00
       0124  0014  FFFF  45  28  66526883  0037644.555  ORDINARY_PKT   03 01 00 7C 00 14 78 00 00 00 00 00 00 00 00 00 00 00 00 00 00 00 00 00 00 00 00 00
       0125  0014  FFFF  40  23  66526888  00037644.56  ORDINARY_PKT   01 01 00 7D 00 14 7E 00 00 17 8A 00 00 04 00 00 00 7D 00 00 0D 98 7E
       0126  0014  FFFF  45  28  66526929  0037644.598  ORDINARY_PKT   03 01 00 7E 00 14 79 00 00 00 00 00 00 00 00 00 00 00 00 00 00 00 00 00 00 00 00 00
       0127  0014  FFFF  45  28  66526977  0037644.645  ORDINARY_PKT   03 01 00 7F 00 14 7A 00 00 00 00 00 00 00 00 00 00 00 00 00 00 00 00 00 00 00 00 00
       0128  0014  FFFF  45  28  66527034  000037644.7  ORDINARY_PKT   03 01 00 80 00 14 7B 00 00 00 00 00 00 00 00 00 00 00 00 00 00 00 00 00 00 00 00 00
       0129  0014  FFFF  45  28  66527079  0037644.742  ORDINARY_PKT   03 01 00 81 00 14 7C 00 00 00 00 00 00 00 00 00 00 00 00 00 00 00 00 00 00 00 00 00
       0130  0014  FFFF  45  28  66527130  0037644.793  ORDINARY_PKT   03 01 00 82 00 14 7D 00 00 00 00 00 00 00 00 00 00 00 00 00 00 00 00 00 00 00 00 00
       0131  0014  FFFF  45  28  66527180  0037644.844  ORDINARY_PKT   03 01 00 83 00 14 7E 00 00 00 00 00 00 00 00 00 00 00 00 00 00 00 00 00 00 00 00 00
       0132  0014  FFFF  45  28  66527226  00037644.89  ORDINARY_PKT   03 01 00 84 00 14 7F 00 00 00 00 00 00 00 00 00 00 00 00 00 00 00 00 00 00 00 00 00
       0133  0014  FFFF  45  28  66527279  00037644.94  ORDINARY_PKT   03 01 00 85 00 14 80 00 00 00 00 00 00 00 00 00 00 00 00 00 00 00 00 00 00 00 00 00
       0134  0014  FFFF  45  28  66527332  0037644.992  ORDINARY_PKT   03 01 00 86 00 14 81 00 00 00 00 00 00 00 00 00 00 00 00 00 00 00 00 00 00 00 00 00
       0135  0014  FFFF  45  28  66527380  00037645.04  ORDINARY_PKT   03 01 00 87 00 14 82 00 00 00 00 00 00 00 00 00 00 00 00 00 00 00 00 00 00 00 00 00
       0136  0014  FFFF  45  28  66527434  0037645.094  ORDINARY_PKT   03 01 00 88 00 14 83 00 00 00 00 00 00 00 00 00 00 00 00 00 00 00 00 00 00 00 00 00
       0137  0014  FFFF  45  28  66527482  00037645.14  ORDINARY_PKT   03 01 00 89 00 14 84 00 00 00 00 00 00 00 00 00 00 00 00 00 00 00 00 00 00 00 00 00
       0138  0014  FFFF  45  28  66527532  0037645.188  ORDINARY_PKT   03 01 00 8A 00 14 85 00 00 00 00 00 00 00 00 00 00 00 00 00 00 00 00 00 00 00 00 00
       0139  0014  FFFF  45  28  66527580  0037645.234  ORDINARY_PKT   03 01 00 8B 00 14 86 00 00 00 00 00 00 00 00 00 00 00 00 00 00 00 00 00 00 00 00 00
       0140  0014  FFFF  45  28  66527629  00037645.28  ORDINARY_PKT   03 01 00 8C 00 14 87 00 00 00 00 00 00 00 00 00 00 00 00 00 00 00 00 00 00 00 00 00
       0141  0014  FFFF  45  28  66527678  00037645.33  ORDINARY_PKT   03 01 00 8D 00 14 88 00 00 00 00 00 00 00 00 00 00 00 00 00 00 00 00 00 00 00 00 00
       0142  0014  FFFF  45  28  66527729  00037645.38  ORDINARY_PKT   03 01 00 8E 00 14 89 00 00 00 00 00 00 00 00 00 00 00 00 00 00 00 00 00 00 00 00 00
       0143  0014  FFFF  45  28  66527783  00037645.43  ORDINARY_PKT   03 01 00 8F 00 14 8A 00 00 00 00 00 00 00 00 00 00 00 00 00 00 00 00 00 00 00 00 00
       0144  0014  FFFF  45  28  66527832  0037645.477  ORDINARY_PKT   03 01 00 90 00 14 8B 00 00 00 00 00 00 00 00 00 00 00 00 00 00 00 00 00 00 00 00 00
       0145  0014  FFFF  45  28  66527884  0037645.527  ORDINARY_PKT   03 01 00 91 00 14 8C 00 00 00 00 00 00 00 00 00 00 00 00 00 00 00 00 00 00 00 00 00
       0146  0014  FFFF  45  28  66527932  0037645.574  ORDINARY_PKT   03 01 00 92 00 14 8D 00 00 00 00 00 00 00 00 00 00 00 00 00 00 00 00 00 00 00 00 00
       0147  0014  FFFF  45  28  66527982  0037645.625  ORDINARY_PKT   03 01 00 93 00 14 8E 00 00 00 00 00 00 00 00 00 00 00 00 00 00 00 00 00 00 00 00 00
       0148  0014  FFFF  45  28  66528026  0037645.668  ORDINARY_PKT   03 01 00 94 00 14 8F 00 00 00 00 00 00 00 00 00 00 00 00 00 00 00 00 00 00 00 00 00
       0149  0014  FFFF  45  28  66528082  0037645.723  ORDINARY_PKT   03 01 00 95 00 14 90 00 00 00 00 00 00 00 00 00 00 00 00 00 00 00 00 00 00 00 00 00
       0150  0014  FFFF  40  23  66528093  0037645.734  ORDINARY_PKT   01 01 00 96 00 14 7E 00 00 1C 37 00 00 05 00 00 00 96 00 00 10 4F 7E
       0151  0014  FFFF  45  28  66528126  0037645.766  ORDINARY_PKT   03 01 00 97 00 14 91 00 00 00 00 00 00 00 00 00 00 00 00 00 00 00 00 00 00 00 00 00
       0152  0014  FFFF  45  28  66528182  00037645.82  ORDINARY_PKT   03 01 00 98 00 14 92 00 00 00 00 00 00 00 00 00 00 00 00 00 00 00 00 00 00 00 00 00
       0153  0014  FFFF  45  28  66528231  0037645.867  ORDINARY_PKT   03 01 00 99 00 14 93 00 00 00 00 00 00 00 00 00 00 00 00 00 00 00 00 00 00 00 00 00
       0154  0014  FFFF  45  28  66528280  0037645.914  ORDINARY_PKT   03 01 00 9A 00 14 94 00 00 00 00 00 00 00 00 00 00 00 00 00 00 00 00 00 00 00 00 00
       0155  0014  FFFF  45  28  66528336  00037645.97  ORDINARY_PKT   03 01 00 9B 00 14 95 00 00 00 00 00 00 00 00 00 00 00 00 00 00 00 00 00 00 00 00 00
       0156  0014  FFFF  45  28  66528381  00037646.01  ORDINARY_PKT   03 01 00 9C 00 14 96 00 00 00 00 00 00 00 00 00 00 00 00 00 00 00 00 00 00 00 00 00
       0157  0014  FFFF  45  28  66528432  0037646.062  ORDINARY_PKT   03 01 00 9D 00 14 97 00 00 00 00 00 00 00 00 00 00 00 00 00 00 00 00 00 00 00 00 00
       0158  0014  FFFF  45  28  66528476  0037646.105  ORDINARY_PKT   03 01 00 9E 00 14 98 00 00 00 00 00 00 00 00 00 00 00 00 00 00 00 00 00 00 00 00 00
       0159  0014  FFFF  45  28  66528529  0037646.156  ORDINARY_PKT   03 01 00 9F 00 14 99 00 00 00 00 00 00 00 00 00 00 00 00 00 00 00 00 00 00 00 00 00
       0160  0014  FFFF  45  28  66528580  0037646.207  ORDINARY_PKT   03 01 00 A0 00 14 9A 00 00 00 00 00 00 00 00 00 00 00 00 00 00 00 00 00 00 00 00 00
       0161  0014  FFFF  45  28  66528629  0037646.254  ORDINARY_PKT   03 01 00 A1 00 14 9B 00 00 00 00 00 00 00 00 00 00 00 00 00 00 00 00 00 00 00 00 00
       0162  0014  FFFF  45  28  66528676  000037646.3  ORDINARY_PKT   03 01 00 A2 00 14 9C 00 00 00 00 00 00 00 00 00 00 00 00 00 00 00 00 00 00 00 00 00
       0163  0014  FFFF  45  28  66528735  00037646.36  ORDINARY_PKT   03 01 00 A3 00 14 9D 00 00 00 00 00 00 00 00 00 00 00 00 00 00 00 00 00 00 00 00 00
       0164  0014  FFFF  45  28  66528777  000037646.4  ORDINARY_PKT   03 01 00 A4 00 14 9E 00 00 00 00 00 00 00 00 00 00 00 00 00 00 00 00 00 00 00 00 00
       0165  0014  FFFF  45  28  66528831  0037646.453  ORDINARY_PKT   03 01 00 A5 00 14 9F 00 00 00 00 00 00 00 00 00 00 00 00 00 00 00 00 00 00 00 00 00
       0166  0014  FFFF  45  28  66528877  000037646.5  ORDINARY_PKT   03 01 00 A6 00 14 A0 00 00 00 00 00 00 00 00 00 00 00 00 00 00 00 00 00 00 00 00 00
       0167  0014  FFFF  45  28  66528932  0037646.555  ORDINARY_PKT   03 01 00 A7 00 14 A1 00 00 00 00 00 00 00 00 00 00 00 00 00 00 00 00 00 00 00 00 00
       0168  0014  FFFF  45  28  66528983  0037646.605  ORDINARY_PKT   03 01 00 A8 00 14 A2 00 00 00 00 00 00 00 00 00 00 00 00 00 00 00 00 00 00 00 00 00
       0169  0014  FFFF  45  28  66529026  00037646.65  ORDINARY_PKT   03 01 00 A9 00 14 A3 00 00 00 00 00 00 00 00 00 00 00 00 00 00 00 00 00 00 00 00 00
       0170  0014  FFFF  45  28  66529080  0037646.703  ORDINARY_PKT   03 01 00 AA 00 14 A4 00 00 00 00 00 00 00 00 00 00 00 00 00 00 00 00 00 00 00 00 00
       0171  0014  FFFF  45  28  66529126  00037646.75  ORDINARY_PKT   03 01 00 AB 00 14 A5 00 00 00 00 00 00 00 00 00 00 00 00 00 00 00 00 00 00 00 00 00
       0172  0014  FFFF  45  28  66529177  000037646.8  ORDINARY_PKT   03 01 00 AC 00 14 A6 00 00 00 00 00 00 00 00 00 00 00 00 00 00 00 00 00 00 00 00 00
       0173  0014  FFFF  45  28  66529227  00037646.85  ORDINARY_PKT   03 01 00 AD 00 14 A7 00 00 00 00 00 00 00 00 00 00 00 00 00 00 00 00 00 00 00 00 00
       0174  0014  FFFF  45  28  66529277  000037646.9  ORDINARY_PKT   03 01 00 AE 00 14 A8 00 00 00 00 00 00 00 00 00 00 00 00 00 00 00 00 00 00 00 00 00
       0175  0014  FFFF  40  23  66529285  0037646.906  ORDINARY_PKT   01 01 00 AF 00 14 7E 00 00 20 E5 00 00 06 00 00 00 AF 00 00 13 06 7E
       0176  0014  FFFF  45  28  66529325  0037646.945  ORDINARY_PKT   03 01 00 B0 00 14 A9 00 00 00 00 00 00 00 00 00 00 00 00 00 00 00 00 00 00 00 00 00
       0177  0014  FFFF  45  28  66529383  000037647.0  ORDINARY_PKT   03 01 00 B1 00 14 AA 00 00 00 00 00 00 00 00 00 00 00 00 00 00 00 00 00 00 00 00 00
       0178  0014  FFFF  45  28  66529426  0037647.043  ORDINARY_PKT   03 01 00 B2 00 14 AB 00 00 00 00 00 00 00 00 00 00 00 00 00 00 00 00 00 00 00 00 00
       0179  0014  FFFF  45  28  66529476  0037647.094  ORDINARY_PKT   03 01 00 B3 00 14 AC 00 00 00 00 00 00 00 00 00 00 00 00 00 00 00 00 00 00 00 00 00
       0180  0014  FFFF  45  28  66529534  00037647.15  ORDINARY_PKT   03 01 00 B4 00 14 AD 00 00 00 00 00 00 00 00 00 00 00 00 00 00 00 00 00 00 00 00 00
       0181  0014  FFFF  45  28  66529584  0037647.195  ORDINARY_PKT   03 01 00 B5 00 14 AE 00 00 00 00 00 00 00 00 00 00 00 00 00 00 00 00 00 00 00 00 00
       0182  0014  0001  45  28  66529626  0037647.234  ORDINARY_PKT   03 01 00 B6 00 14 AF 00 00 00 00 00 00 00 00 00 00 00 00 00 00 00 00 00 00 00 00 00
       0183  0014  0001  45  28  66529680  00037647.29  ORDINARY_PKT   03 01 00 B7 00 14 B0 00 00 00 00 00 00 00 00 00 00 00 00 00 00 00 00 00 00 00 00 00
       0184  0014  0001  45  28  66529725  0037647.332  ORDINARY_PKT   03 01 00 B8 00 14 B1 00 00 00 00 00 00 00 00 00 00 00 00 00 00 00 00 00 00 00 00 00
       0185  0014  0001  45  28  66529780  0037647.387  ORDINARY_PKT   03 01 00 B9 00 14 B2 00 00 00 00 00 00 00 00 00 00 00 00 00 00 00 00 00 00 00 00 00
       0186  0014  0001  45  28  66529831  0037647.438  ORDINARY_PKT   03 01 00 BA 00 14 B3 00 00 00 00 00 00 00 00 00 00 00 00 00 00 00 00 00 00 00 00 00
       0187  0014  0001  45  28  66529883  00037647.49  ORDINARY_PKT   03 01 00 BB 00 14 B4 00 00 00 00 00 00 00 00 00 00 00 00 00 00 00 00 00 00 00 00 00
       0188  0014  0001  45  28  66529926  00037647.53  ORDINARY_PKT   03 01 00 BC 00 14 B5 00 00 00 00 00 00 00 00 00 00 00 00 00 00 00 00 00 00 00 00 00
       0189  0014  0001  45  28  66529989  0037647.594  ORDINARY_PKT   03 01 00 BD 00 14 B6 00 00 00 00 00 00 00 00 00 00 00 00 00 00 00 00 00 00 00 00 00
       0190  0014  0001  45  28  66530030  0037647.633  ORDINARY_PKT   03 01 00 BE 00 14 B7 00 00 00 00 00 00 00 00 00 00 00 00 00 00 00 00 00 00 00 00 00
       0191  0014  0001  45  28  66530086  0037647.688  ORDINARY_PKT   03 01 00 BF 00 14 B8 00 00 00 00 00 00 00 00 00 00 00 00 00 00 00 00 00 00 00 00 00
       0192  0014  0001  45  28  66530134  0037647.734  ORDINARY_PKT   03 01 00 C0 00 14 B9 00 00 00 00 00 00 00 00 00 00 00 00 00 00 00 00 00 00 00 00 00
       0193  0014  0001  45  28  66530182  00037647.78  ORDINARY_PKT   03 01 00 C1 00 14 BA 00 00 00 00 00 00 00 00 00 00 00 00 00 00 00 00 00 00 00 00 00
       0194  0014  0001  45  28  66530238  0037647.836  ORDINARY_PKT   03 01 00 C2 00 14 BB 00 00 00 00 00 00 00 00 00 00 00 00 00 00 00 00 00 00 00 00 00
       0195  0014  0001  45  28  66530283  00037647.88  ORDINARY_PKT   03 01 00 C3 00 14 BC 00 00 00 00 00 00 00 00 00 00 00 00 00 00 00 00 00 00 00 00 00
       0196  0014  0001  45  28  66530332  0037647.926  ORDINARY_PKT   03 01 00 C4 00 14 BD 00 00 00 00 00 00 00 00 00 00 00 00 00 00 00 00 00 00 00 00 00
       0197  0014  0001  45  28  66530381  0037647.973  ORDINARY_PKT   03 01 00 C5 00 14 BE 00 00 00 00 00 00 00 00 00 00 00 00 00 00 00 00 00 00 00 00 00
       0198  0014  0001  45  28  66530433  0037648.023  ORDINARY_PKT   03 01 00 C6 00 14 BF 00 00 00 00 00 00 00 00 00 00 00 00 00 00 00 00 00 00 00 00 00
       0199  0014  0001  45  28  66530477  0037648.066  ORDINARY_PKT   03 01 00 C7 00 14 C0 00 00 00 00 00 00 00 00 00 00 00 00 00 00 00 00 00 00 00 00 00
       0200  0014  0001  40  23  66530482  00037648.07  ORDINARY_PKT   01 01 00 C8 00 14 7E 00 00 25 95 00 00 07 00 00 00 C8 00 00 15 BD 7E
       0201  0014  0001  45  28  66530534  00037648.12  ORDINARY_PKT   03 01 00 C9 00 14 C1 00 00 00 00 00 00 00 00 00 00 00 00 00 00 00 00 00 00 00 00 00
       0202  0014  0001  45  28  66530582  0037648.168  ORDINARY_PKT   03 01 00 CA 00 14 C2 00 00 00 00 00 00 00 00 00 00 00 00 00 00 00 00 00 00 00 00 00
       0203  0014  0001  45  28  66530630  0037648.215  ORDINARY_PKT   03 01 00 CB 00 14 C3 00 00 00 00 00 00 00 00 00 00 00 00 00 00 00 00 00 00 00 00 00
       0204  0014  0001  45  28  66530682  0037648.266  ORDINARY_PKT   03 01 00 CC 00 14 C4 00 00 00 00 00 00 00 00 00 00 00 00 00 00 00 00 00 00 00 00 00
       0205  0014  0001  45  28  66530726  00037648.31  ORDINARY_PKT   03 01 00 CD 00 14 C5 00 00 00 00 00 00 00 00 00 00 00 00 00 00 00 00 00 00 00 00 00
       0206  0014  0001  45  28  66530783  0037648.363  ORDINARY_PKT   03 01 00 CE 00 14 C6 00 00 00 00 00 00 00 00 00 00 00 00 00 00 00 00 00 00 00 00 00
       0207  0014  0001  45  28  66530828  0037648.406  ORDINARY_PKT   03 01 00 CF 00 14 C7 00 00 00 00 00 00 00 00 00 00 00 00 00 00 00 00 00 00 00 00 00
       0208  0014  0001  45  28  66530877  0037648.453  ORDINARY_PKT   03 01 00 D0 00 14 C8 00 00 00 00 00 00 00 00 00 00 00 00 00 00 00 00 00 00 00 00 00
       0209  0014  0001  45  28  66530930  0037648.504  ORDINARY_PKT   03 01 00 D1 00 14 C9 00 00 00 00 00 00 00 00 00 00 00 00 00 00 00 00 00 00 00 00 00
       0210  0014  0001  45  28  66530982  0037648.555  ORDINARY_PKT   03 01 00 D2 00 14 CA 00 00 00 00 00 00 00 00 00 00 00 00 00 00 00 00 00 00 00 00 00
       0211  0014  0001  45  28  66531026  0037648.598  ORDINARY_PKT   03 01 00 D3 00 14 CB 00 00 00 00 00 00 00 00 00 00 00 00 00 00 00 00 00 00 00 00 00
       0212  0014  0001  45  28  66531081  0037648.652  ORDINARY_PKT   03 01 00 D4 00 14 CC 00 00 00 00 00 00 00 00 00 00 00 00 00 00 00 00 00 00 00 00 00
       0213  0014  0001  45  28  66531132  0037648.703  ORDINARY_PKT   03 01 00 D5 00 14 CD 00 00 00 00 00 00 00 00 00 00 00 00 00 00 00 00 00 00 00 00 00
       0214  0014  0001  45  28  66531182  00037648.75  ORDINARY_PKT   03 01 00 D6 00 14 CE 00 00 00 00 00 00 00 00 00 00 00 00 00 00 00 00 00 00 00 00 00
       0215  0014  0001  45  28  66531228  0037648.797  ORDINARY_PKT   03 01 00 D7 00 14 CF 00 00 00 00 00 00 00 00 00 00 00 00 00 00 00 00 00 00 00 00 00
       0216  0014  0001  45  28  66531277  0037648.844  ORDINARY_PKT   03 01 00 D8 00 14 D0 00 00 00 00 00 00 00 00 00 00 00 00 00 00 00 00 00 00 00 00 00
       0217  0014  0001  45  28  66531334  000037648.9  ORDINARY_PKT   03 01 00 D9 00 14 D1 00 00 00 00 00 00 00 00 00 00 00 00 00 00 00 00 00 00 00 00 00
       0218  0014  0001  45  28  66531382  0037648.945  ORDINARY_PKT   03 01 00 DA 00 14 D2 00 00 00 00 00 00 00 00 00 00 00 00 00 00 00 00 00 00 00 00 00
       0219  0014  0001  45  28  66531430  0037648.992  ORDINARY_PKT   03 01 00 DB 00 14 D3 00 00 00 00 00 00 00 00 00 00 00 00 00 00 00 00 00 00 00 00 00
       0220  0014  0001  45  28  66531482  0037649.043  ORDINARY_PKT   03 01 00 DC 00 14 D4 00 00 00 00 00 00 00 00 00 00 00 00 00 00 00 00 00 00 00 00 00
       0221  0014  0001  45  28  66531527  0037649.086  ORDINARY_PKT   03 01 00 DD 00 14 D5 00 00 00 00 00 00 00 00 00 00 00 00 00 00 00 00 00 00 00 00 00
       0222  0014  0001  45  28  66531577  0037649.133  ORDINARY_PKT   03 01 00 DE 00 14 D6 00 00 00 00 00 00 00 00 00 00 00 00 00 00 00 00 00 00 00 00 00
       0223  0014  0001  45  28  66531635  0037649.188  ORDINARY_PKT   03 01 00 DF 00 14 D7 00 00 00 00 00 00 00 00 00 00 00 00 00 00 00 00 00 00 00 00 00
       0224  0014  0001  45  28  66531676  0037649.227  ORDINARY_PKT   03 01 00 E0 00 14 D8 00 00 00 00 00 00 00 00 00 00 00 00 00 00 00 00 00 00 00 00 00
       0225  0014  0001  40  23  66531686  0037649.234  ORDINARY_PKT   01 01 00 E1 00 14 7E 00 00 2A 44 00 00 08 00 00 00 E1 00 00 18 74 7E
       0226  0014  0001  45  28  66531729  0037649.277  ORDINARY_PKT   03 01 00 E2 00 14 D9 00 00 00 00 00 00 00 00 00 00 00 00 00 00 00 00 00 00 00 00 00
       0227  0014  0001  45  28  66531777  0037649.324  ORDINARY_PKT   03 01 00 E3 00 14 DA 00 00 00 00 00 00 00 00 00 00 00 00 00 00 00 00 00 00 00 00 00
       0228  0014  0001  45  28  66531835  0037649.383  ORDINARY_PKT   03 01 00 E4 00 14 DB 00 00 00 00 00 00 00 00 00 00 00 00 00 00 00 00 00 00 00 00 00
       0229  0014  0001  45  28  66531876  00037649.42  ORDINARY_PKT   03 01 00 E5 00 14 DC 00 00 00 00 00 00 00 00 00 00 00 00 00 00 00 00 00 00 00 00 00
       0230  0014  0001  45  28  66531931  0037649.477  ORDINARY_PKT   03 01 00 E6 00 14 DD 00 00 00 00 00 00 00 00 00 00 00 00 00 00 00 00 00 00 00 00 00
       0231  0014  0001  45  28  66531987  00037649.53  ORDINARY_PKT   03 01 00 E7 00 14 DE 00 00 00 00 00 00 00 00 00 00 00 00 00 00 00 00 00 00 00 00 00
       0232  0014  0001  45  28  66532035  00037649.58  ORDINARY_PKT   03 01 00 E8 00 14 DF 00 00 00 00 00 00 00 00 00 00 00 00 00 00 00 00 00 00 00 00 00
       0233  0014  0001  45  28  66532084  0037649.625  ORDINARY_PKT   03 01 00 E9 00 14 E0 00 00 00 00 00 00 00 00 00 00 00 00 00 00 00 00 00 00 00 00 00
       0234  0014  0001  45  28  66532132  00037649.67  ORDINARY_PKT   03 01 00 EA 00 14 E1 00 00 00 00 00 00 00 00 00 00 00 00 00 00 00 00 00 00 00 00 00
       0235  0014  FFFF  45  28  66532176  0037649.715  ORDINARY_PKT   03 01 00 EB 00 14 E2 00 00 00 00 00 00 00 00 00 00 00 00 00 00 00 00 00 00 00 00 00
       0236  0014  FFFF  45  28  66532226  0037649.766  ORDINARY_PKT   03 01 00 EC 00 14 E3 00 00 00 00 00 00 00 00 00 00 00 00 00 00 00 00 00 00 00 00 00
       0237  0014  FFFF  45  28  66532278  0037649.816  ORDINARY_PKT   03 01 00 ED 00 14 E4 00 00 00 00 00 00 00 00 00 00 00 00 00 00 00 00 00 00 00 00 00
       0238  0014  FFFF  45  28  66532328  0037649.867  ORDINARY_PKT   03 01 00 EE 00 14 E5 00 00 00 00 00 00 00 00 00 00 00 00 00 00 00 00 00 00 00 00 00
       0239  0014  FFFF  45  28  66532383  00037649.92  ORDINARY_PKT   03 01 00 EF 00 14 E6 00 00 00 00 00 00 00 00 00 00 00 00 00 00 00 00 00 00 00 00 00
       0240  0014  FFFF  45  28  66532433  00037649.97  ORDINARY_PKT   03 01 00 F0 00 14 E7 00 00 00 00 00 00 00 00 00 00 00 00 00 00 00 00 00 00 00 00 00
       0241  0014  FFFF  45  28  66532475  0037650.008  ORDINARY_PKT   03 01 00 F1 00 14 E8 00 00 00 00 00 00 00 00 00 00 00 00 00 00 00 00 00 00 00 00 00
       0242  0014  FFFF  45  28  66532528  00037650.06  ORDINARY_PKT   03 01 00 F2 00 14 E9 00 00 00 00 00 00 00 00 00 00 00 00 00 00 00 00 00 00 00 00 00
       0243  0014  FFFF  45  28  66532582  00037650.11  ORDINARY_PKT   03 01 00 F3 00 14 EA 00 00 00 00 00 00 00 00 00 00 00 00 00 00 00 00 00 00 00 00 00
       0244  0014  FFFF  45  28  66532632  0037650.156  ORDINARY_PKT   03 01 00 F4 00 14 EB 00 00 00 00 00 00 00 00 00 00 00 00 00 00 00 00 00 00 00 00 00
       0245  0014  FFFF  45  28  66532682  0037650.203  ORDINARY_PKT   03 01 00 F5 00 14 EC 00 00 00 00 00 00 00 00 00 00 00 00 00 00 00 00 00 00 00 00 00
       0246  0014  FFFF  45  28  66532733  0037650.254  ORDINARY_PKT   03 01 00 F6 00 14 ED 00 00 00 00 00 00 00 00 00 00 00 00 00 00 00 00 00 00 00 00 00
       0247  0014  FFFF  45  28  66532781  000037650.3  ORDINARY_PKT   03 01 00 F7 00 14 EE 00 00 00 00 00 00 00 00 00 00 00 00 00 00 00 00 00 00 00 00 00
       0248  0014  FFFF  45  28  66532831  00037650.35  ORDINARY_PKT   03 01 00 F8 00 14 EF 00 00 00 00 00 00 00 00 00 00 00 00 00 00 00 00 00 00 00 00 00
       0249  0014  FFFF  45  28  66532879  000037650.4  ORDINARY_PKT   03 01 00 F9 00 14 F0 00 00 00 00 00 00 00 00 00 00 00 00 00 00 00 00 00 00 00 00 00
       0250  0014  FFFF  40  23  66532891  00037650.41  ORDINARY_PKT   01 01 00 FA 00 14 7E 00 00 2E F6 00 00 09 00 00 00 FA 00 00 1B 2B 7E
       0251  0014  FFFF  45  28  66532927  0037650.445  ORDINARY_PKT   03 01 00 FB 00 14 F1 00 00 00 00 00 00 00 00 00 00 00 00 00 00 00 00 00 00 00 00 00
       0252  0014  FFFF  45  28  66532984  000037650.5  ORDINARY_PKT   03 01 00 FC 00 14 F2 00 00 00 00 00 00 00 00 00 00 00 00 00 00 00 00 00 00 00 00 00
       0253  0014  FFFF  45  28  66533030  0037650.547  ORDINARY_PKT   03 01 00 FD 00 14 F3 00 00 00 00 00 00 00 00 00 00 00 00 00 00 00 00 00 00 00 00 00
       0254  0014  FFFF  45  28  66533079  0037650.594  ORDINARY_PKT   03 01 00 FE 00 14 F4 00 00 00 00 00 00 00 00 00 00 00 00 00 00 00 00 00 00 00 00 00
       0255  0014  FFFF  45  28  66533132  0037650.645  ORDINARY_PKT   03 01 00 FF 00 14 F5 00 00 00 00 00 00 00 00 00 00 00 00 00 00 00 00 00 00 00 00 00
       0000  0014  FFFF  45  28  66533185  0037650.695  ORDINARY_PKT   03 01 01 00 00 14 F6 00 00 00 00 00 00 00 00 00 00 00 00 00 00 00 00 00 00 00 00 00
       0001  0014  FFFF  45  28  66533230  00037650.74  ORDINARY_PKT   03 01 01 01 00 14 F7 00 00 00 00 00 00 00 00 00 00 00 00 00 00 00 00 00 00 00 00 00
       0002  0014  FFFF  45  28  66533280  00037650.79  ORDINARY_PKT   03 01 01 02 00 14 F8 00 00 00 00 00 00 00 00 00 00 00 00 00 00 00 00 00 00 00 00 00
       0003  0014  FFFF  45  28  66533333  00037650.84  ORDINARY_PKT   03 01 01 03 00 14 F9 00 00 00 00 00 00 00 00 00 00 00 00 00 00 00 00 00 00 00 00 00
       0004  0014  FFFF  45  28  66533383  00037650.89  ORDINARY_PKT   03 01 01 04 00 14 FA 00 00 00 00 00 00 00 00 00 00 00 00 00 00 00 00 00 00 00 00 00
       0005  0014  FFFF  45  28  66533430  0037650.938  ORDINARY_PKT   03 01 01 05 00 14 FB 00 00 00 00 00 00 00 00 00 00 00 00 00 00 00 00 00 00 00 00 00
       0006  0014  FFFF  45  28  66533478  0037650.984  ORDINARY_PKT   03 01 01 06 00 14 FC 00 00 00 00 00 00 00 00 00 00 00 00 00 00 00 00 00 00 00 00 00
       0007  0014  FFFF  45  28  66533533  00037651.04  ORDINARY_PKT   03 01 01 07 00 14 FD 00 00 00 00 00 00 00 00 00 00 00 00 00 00 00 00 00 00 00 00 00
       0000  0014  FFFF  45  28  66533788  00037651.29  ORDINARY_PKT   03 01 00 00 00 14 00 00 00 00 00 00 00 00 00 00 00 00 00 00 00 00 00 00 00 00 00 00
       0001  0014  FFFF  45  28  66533837  0037651.336  ORDINARY_PKT   03 01 00 01 00 14 01 00 00 00 00 00 00 00 00 00 00 00 00 00 00 00 00 00 00 00 00 00
       0002  0014  FFFF  45  28  66533890  0037651.387  ORDINARY_PKT   03 01 00 02 00 14 02 00 00 00 00 00 00 00 00 00 00 00 00 00 00 00 00 00 00 00 00 00
       0003  0014  FFFF  45  28  66533942  0037651.438  ORDINARY_PKT   03 01 00 03 00 14 03 00 00 00 00 00 00 00 00 00 00 00 00 00 00 00 00 00 00 00 00 00
       0004  0014  FFFF  45  28  66533985  00037651.48  ORDINARY_PKT   03 01 00 04 00 14 04 00 00 00 00 00 00 00 00 00 00 00 00 00 00 00 00 00 00 00 00 00
       0005  0014  FFFF  45  28  66534034  0037651.527  ORDINARY_PKT   03 01 00 05 00 14 05 00 00 00 00 00 00 00 00 00 00 00 00 00 00 00 00 00 00 00 00 00
       0006  0014  FFFF  45  28  66534089  0037651.582  ORDINARY_PKT   03 01 00 06 00 14 06 00 00 00 00 00 00 00 00 00 00 00 00 00 00 00 00 00 00 00 00 00
       0007  0014  FFFF  45  28  66534138  00037651.63  ORDINARY_PKT   03 01 00 07 00 14 07 00 00 00 00 00 00 00 00 00 00 00 00 00 00 00 00 00 00 00 00 00
       0008  0014  FFFF  45  28  66534186  0037651.676  ORDINARY_PKT   03 01 00 08 00 14 08 00 00 00 00 00 00 00 00 00 00 00 00 00 00 00 00 00 00 00 00 00
       0009  0014  FFFF  45  28  66534242  00037651.73  ORDINARY_PKT   03 01 00 09 00 14 09 00 00 00 00 00 00 00 00 00 00 00 00 00 00 00 00 00 00 00 00 00
       0010  0014  FFFF  45  28  66534290  0037651.777  ORDINARY_PKT   03 01 00 0A 00 14 0A 00 00 00 00 00 00 00 00 00 00 00 00 00 00 00 00 00 00 00 00 00
       0000  0014  FFFF  45  28  66534478  00037651.96  ORDINARY_PKT   03 01 00 00 00 14 00 00 00 00 00 00 00 00 00 00 00 00 00 00 00 00 00 00 00 00 00 00
       0001  0014  FFFF  45  28  66534527  0037652.008  ORDINARY_PKT   03 01 00 01 00 14 01 00 00 00 00 00 00 00 00 00 00 00 00 00 00 00 00 00 00 00 00 00
       0002  0014  FFFF  45  28  66534580  00037652.06  ORDINARY_PKT   03 01 00 02 00 14 02 00 00 00 00 00 00 00 00 00 00 00 00 00 00 00 00 00 00 00 00 00
       0003  0014  FFFF  45  28  66534631  00037652.11  ORDINARY_PKT   03 01 00 03 00 14 03 00 00 00 00 00 00 00 00 00 00 00 00 00 00 00 00 00 00 00 00 00
       0004  0014  FFFF  45  28  66534675  0037652.152  ORDINARY_PKT   03 01 00 04 00 14 04 00 00 00 00 00 00 00 00 00 00 00 00 00 00 00 00 00 00 00 00 00
       0005  0014  FFFF  45  28  66534724  000037652.2  ORDINARY_PKT   03 01 00 05 00 14 05 00 00 00 00 00 00 00 00 00 00 00 00 00 00 00 00 00 00 00 00 00
       0006  0014  FFFF  45  28  66534779  0037652.254  ORDINARY_PKT   03 01 00 06 00 14 06 00 00 00 00 00 00 00 00 00 00 00 00 00 00 00 00 00 00 00 00 00
       0007  0014  FFFF  45  28  66534825  0037652.297  ORDINARY_PKT   03 01 00 07 00 14 07 00 00 00 00 00 00 00 00 00 00 00 00 00 00 00 00 00 00 00 00 00
       0008  0014  FFFF  45  28  66534876  0037652.348  ORDINARY_PKT   03 01 00 08 00 14 08 00 00 00 00 00 00 00 00 00 00 00 00 00 00 00 00 00 00 00 00 00
       0009  0014  FFFF  45  28  66534928  000037652.4  ORDINARY_PKT   03 01 00 09 00 14 09 00 00 00 00 00 00 00 00 00 00 00 00 00 00 00 00 00 00 00 00 00
       0000  0014  FFFF  45  28  66535141  0037652.605  ORDINARY_PKT   03 01 00 00 00 14 00 00 00 00 00 00 00 00 00 00 00 00 00 00 00 00 00 00 00 00 00 00
       0001  0014  FFFF  45  28  66535190  0037652.652  ORDINARY_PKT   03 01 00 01 00 14 01 00 00 00 00 00 00 00 00 00 00 00 00 00 00 00 00 00 00 00 00 00
       0002  0014  FFFF  45  28  66535243  0037652.703  ORDINARY_PKT   03 01 00 02 00 14 02 00 00 00 00 00 00 00 00 00 00 00 00 00 00 00 00 00 00 00 00 00
       0003  0014  FFFF  45  28  66535294  0037652.754  ORDINARY_PKT   03 01 00 03 00 14 03 00 00 00 00 00 00 00 00 00 00 00 00 00 00 00 00 00 00 00 00 00
       0004  0014  FFFF  45  28  66535338  0037652.797  ORDINARY_PKT   03 01 00 04 00 14 04 00 00 00 00 00 00 00 00 00 00 00 00 00 00 00 00 00 00 00 00 00
       0005  0014  FFFF  45  28  66535387  0037652.844  ORDINARY_PKT   03 01 00 05 00 14 05 00 00 00 00 00 00 00 00 00 00 00 00 00 00 00 00 00 00 00 00 00
       0006  0014  FFFF  45  28  66535441  000037652.9  ORDINARY_PKT   03 01 00 06 00 14 06 00 00 00 00 00 00 00 00 00 00 00 00 00 00 00 00 00 00 00 00 00
       0007  0014  FFFF  45  28  66535488  0037652.945  ORDINARY_PKT   03 01 00 07 00 14 07 00 00 00 00 00 00 00 00 00 00 00 00 00 00 00 00 00 00 00 00 00
       0008  0014  FFFF  45  28  66535539  0037652.996  ORDINARY_PKT   03 01 00 08 00 14 08 00 00 00 00 00 00 00 00 00 00 00 00 00 00 00 00 00 00 00 00 00
       0009  0014  FFFF  45  28  66535591  0037653.047  ORDINARY_PKT   03 01 00 09 00 14 09 00 00 00 00 00 00 00 00 00 00 00 00 00 00 00 00 00 00 00 00 00
       0010  0014  FFFF  45  28  66535639  0037653.094  ORDINARY_PKT   03 01 00 0A 00 14 0A 00 00 00 00 00 00 00 00 00 00 00 00 00 00 00 00 00 00 00 00 00
       0011  0014  FFFF  45  28  66535691  0037653.145  ORDINARY_PKT   03 01 00 0B 00 14 0B 00 00 00 00 00 00 00 00 00 00 00 00 00 00 00 00 00 00 00 00 00
       0012  0014  FFFF  45  28  66535738  00037653.19  ORDINARY_PKT   03 01 00 0C 00 14 0C 00 00 00 00 00 00 00 00 00 00 00 00 00 00 00 00 00 00 00 00 00
       0013  0014  FFFF  45  28  66535793  0037653.246  ORDINARY_PKT   03 01 00 0D 00 14 0D 00 00 00 00 00 00 00 00 00 00 00 00 00 00 00 00 00 00 00 00 00
       0014  0014  FFFF  45  28  66535841  0037653.293  ORDINARY_PKT   03 01 00 0E 00 14 0E 00 00 00 00 00 00 00 00 00 00 00 00 00 00 00 00 00 00 00 00 00
       0015  0014  FFFF  45  28  66535885  0037653.336  ORDINARY_PKT   03 01 00 0F 00 14 0F 00 00 00 00 00 00 00 00 00 00 00 00 00 00 00 00 00 00 00 00 00
       0016  0014  FFFF  45  28  66535939  00037653.39  ORDINARY_PKT   03 01 00 10 00 14 10 00 00 00 00 00 00 00 00 00 00 00 00 00 00 00 00 00 00 00 00 00
       0017  0014  FFFF  45  28  66535988  0037653.438  ORDINARY_PKT   03 01 00 11 00 14 11 00 00 00 00 00 00 00 00 00 00 00 00 00 00 00 00 00 00 00 00 00
       0018  0014  FFFF  45  28  66536039  00037653.49  ORDINARY_PKT   03 01 00 12 00 14 12 00 00 00 00 00 00 00 00 00 00 00 00 00 00 00 00 00 00 00 00 00
       0019  0014  FFFF  45  28  66536087  0037653.535  ORDINARY_PKT   03 01 00 13 00 14 13 00 00 00 00 00 00 00 00 00 00 00 00 00 00 00 00 00 00 00 00 00
       0020  0014  FFFF  45  28  66536142  00037653.59  ORDINARY_PKT   03 01 00 14 00 14 14 00 00 00 00 00 00 00 00 00 00 00 00 00 00 00 00 00 00 00 00 00
       0021  0014  FFFF  45  28  66536191  0037653.637  ORDINARY_PKT   03 01 00 15 00 14 15 00 00 00 00 00 00 00 00 00 00 00 00 00 00 00 00 00 00 00 00 00
       0022  0014  FFFF  45  28  66536239  0037653.684  ORDINARY_PKT   03 01 00 16 00 14 16 00 00 00 00 00 00 00 00 00 00 00 00 00 00 00 00 00 00 00 00 00
       0023  0014  FFFF  45  28  66536289  0037653.734  ORDINARY_PKT   03 01 00 17 00 14 17 00 00 00 00 00 00 00 00 00 00 00 00 00 00 00 00 00 00 00 00 00
       0024  0014  FFFF  45  28  66536345  00037653.79  ORDINARY_PKT   03 01 00 18 00 14 18 00 00 00 00 00 00 00 00 00 00 00 00 00 00 00 00 00 00 00 00 00
       0025  0014  FFFF  40  23  66536348  0037653.793  ORDINARY_PKT   01 01 00 19 00 14 7E 00 00 04 C7 00 00 00 00 00 00 19 00 00 02 BC 7E
       0026  0014  FFFF  45  28  66536389  0037653.832  ORDINARY_PKT   03 01 00 1A 00 14 19 00 00 00 00 00 00 00 00 00 00 00 00 00 00 00 00 00 00 00 00 00
       0027  0014  FFFF  45  28  66536438  00037653.88  ORDINARY_PKT   03 01 00 1B 00 14 1A 00 00 00 00 00 00 00 00 00 00 00 00 00 00 00 00 00 00 00 00 00
       0028  0014  FFFF  45  28  66536487  0037653.926  ORDINARY_PKT   03 01 00 1C 00 14 1B 00 00 00 00 00 00 00 00 00 00 00 00 00 00 00 00 00 00 00 00 00
       0029  0014  FFFF  45  28  66536542  00037653.98  ORDINARY_PKT   03 01 00 1D 00 14 1C 00 00 00 00 00 00 00 00 00 00 00 00 00 00 00 00 00 00 00 00 00
       0030  0014  FFFF  45  28  66536591  0037654.027  ORDINARY_PKT   03 01 00 1E 00 14 1D 00 00 00 00 00 00 00 00 00 00 00 00 00 00 00 00 00 00 00 00 00
       0031  0014  FFFF  45  28  66536642  00037654.08  ORDINARY_PKT   03 01 00 1F 00 14 1E 00 00 00 00 00 00 00 00 00 00 00 00 00 00 00 00 00 00 00 00 00
       0032  0014  FFFF  45  28  66536691  0037654.125  ORDINARY_PKT   03 01 00 20 00 14 1F 00 00 00 00 00 00 00 00 00 00 00 00 00 00 00 00 00 00 00 00 00
       0033  0014  FFFF  45  28  66536741  00037654.17  ORDINARY_PKT   03 01 00 21 00 14 20 00 00 00 00 00 00 00 00 00 00 00 00 00 00 00 00 00 00 00 00 00
       0034  0014  FFFF  45  28  66536788  00037654.22  ORDINARY_PKT   03 01 00 22 00 14 21 00 00 00 00 00 00 00 00 00 00 00 00 00 00 00 00 00 00 00 00 00
       0035  0014  FFFF  45  28  66536836  0037654.266  ORDINARY_PKT   03 01 00 23 00 14 22 00 00 00 00 00 00 00 00 00 00 00 00 00 00 00 00 00 00 00 00 00
       0036  0014  FFFF  45  28  66536885  0037654.312  ORDINARY_PKT   03 01 00 24 00 14 23 00 00 00 00 00 00 00 00 00 00 00 00 00 00 00 00 00 00 00 00 00
       0037  0014  FFFF  45  28  66536941  0037654.367  ORDINARY_PKT   03 01 00 25 00 14 24 00 00 00 00 00 00 00 00 00 00 00 00 00 00 00 00 00 00 00 00 00
       0038  0014  FFFF  45  28  66536988  0037654.414  ORDINARY_PKT   03 01 00 26 00 14 25 00 00 00 00 00 00 00 00 00 00 00 00 00 00 00 00 00 00 00 00 00
       0039  0014  FFFF  45  28  66537040  0037654.465  ORDINARY_PKT   03 01 00 27 00 14 26 00 00 00 00 00 00 00 00 00 00 00 00 00 00 00 00 00 00 00 00 00
       0040  0014  FFFF  45  28  66537086  0037654.508  ORDINARY_PKT   03 01 00 28 00 14 27 00 00 00 00 00 00 00 00 00 00 00 00 00 00 00 00 00 00 00 00 00
       0041  0014  FFFF  45  28  66537143  0037654.562  ORDINARY_PKT   03 01 00 29 00 14 28 00 00 00 00 00 00 00 00 00 00 00 00 00 00 00 00 00 00 00 00 00
       0042  0014  FFFF  45  28  66537185  000037654.6  ORDINARY_PKT   03 01 00 2A 00 14 29 00 00 00 00 00 00 00 00 00 00 00 00 00 00 00 00 00 00 00 00 00
       0043  0014  FFFF  45  28  66537240  0037654.656  ORDINARY_PKT   03 01 00 2B 00 14 2A 00 00 00 00 00 00 00 00 00 00 00 00 00 00 00 00 00 00 00 00 00
       0044  0014  FFFF  45  28  66537292  0037654.707  ORDINARY_PKT   03 01 00 2C 00 14 2B 00 00 00 00 00 00 00 00 00 00 00 00 00 00 00 00 00 00 00 00 00
       0072  0001  FFFF  41  24  66537327  0037654.742  ORDINARY_PKT   02 18 1F 00 00 01 00 00 00 00 00 00 FF FF FF FF FF FF FF FF FF FF FF FF
       0045  0014  FFFF  45  28  66537339  0037654.754  ORDINARY_PKT   03 01 00 2D 00 14 2C 00 00 00 00 00 00 00 00 00 00 00 00 00 00 00 00 00 00 00 00 00
       0046  0014  FFFF  45  28  66537386  000037654.8  ORDINARY_PKT   03 01 00 2E 00 14 2D 00 00 00 00 00 00 00 00 00 00 00 00 00 00 00 00 00 00 00 00 00
       0047  0014  FFFF  45  28  66537443  0037654.855  ORDINARY_PKT   03 01 00 2F 00 14 2E 00 00 00 00 00 00 00 00 00 00 00 00 00 00 00 00 00 00 00 00 00
       0048  0014  FFFF  45  28  66537494  0037654.906  ORDINARY_PKT   03 01 00 30 00 14 2F 00 00 00 00 00 00 00 00 00 00 00 00 00 00 00 00 00 00 00 00 00
       0049  0014  FFFF  45  28  66537543  0037654.953  ORDINARY_PKT   03 01 00 31 00 14 30 00 00 00 00 00 00 00 00 00 00 00 00 00 00 00 00 00 00 00 00 00
       0050  0014  FFFF  40  23  66537554  0037654.965  ORDINARY_PKT   01 01 00 32 00 14 7E 00 00 09 7B 00 00 01 00 00 00 32 00 00 05 73 7E
       0051  0014  FFFF  45  28  66537591  000037655.0  ORDINARY_PKT   03 01 00 33 00 14 31 00 00 00 00 00 00 00 00 00 00 00 00 00 00 00 00 00 00 00 00 00
       0000  0014  FFFF  45  28  66537732  0037655.137  ORDINARY_PKT   03 01 00 00 00 14 00 00 00 00 00 00 00 00 00 00 00 00 00 00 00 00 00 00 00 00 00 00
       0001  0014  FFFF  45  28  66537782  0037655.188  ORDINARY_PKT   03 01 00 01 00 14 01 00 00 00 00 00 00 00 00 00 00 00 00 00 00 00 00 00 00 00 00 00
       0002  0014  FFFF  45  28  66537835  00037655.24  ORDINARY_PKT   03 01 00 02 00 14 02 00 00 00 00 00 00 00 00 00 00 00 00 00 00 00 00 00 00 00 00 00
       0003  0014  FFFF  45  28  66537886  00037655.29  ORDINARY_PKT   03 01 00 03 00 14 03 00 00 00 00 00 00 00 00 00 00 00 00 00 00 00 00 00 00 00 00 00
       0004  0014  FFFF  45  28  66537929  0037655.332  ORDINARY_PKT   03 01 00 04 00 14 04 00 00 00 00 00 00 00 00 00 00 00 00 00 00 00 00 00 00 00 00 00
       0005  0014  FFFF  45  28  66537978  00037655.38  ORDINARY_PKT   03 01 00 05 00 14 05 00 00 00 00 00 00 00 00 00 00 00 00 00 00 00 00 00 00 00 00 00
       0006  0014  FFFF  45  28  66538033  0037655.434  ORDINARY_PKT   03 01 00 06 00 14 06 00 00 00 00 00 00 00 00 00 00 00 00 00 00 00 00 00 00 00 00 00
       0007  0014  FFFF  45  28  66538080  00037655.48  ORDINARY_PKT   03 01 00 07 00 14 07 00 00 00 00 00 00 00 00 00 00 00 00 00 00 00 00 00 00 00 00 00
       0008  0014  FFFF  45  28  66538131  00037655.53  ORDINARY_PKT   03 01 00 08 00 14 08 00 00 00 00 00 00 00 00 00 00 00 00 00 00 00 00 00 00 00 00 00
       0009  0014  FFFF  45  28  66538184  0037655.582  ORDINARY_PKT   03 01 00 09 00 14 09 00 00 00 00 00 00 00 00 00 00 00 00 00 00 00 00 00 00 00 00 00
       0010  0014  FFFF  45  28  66538233  00037655.63  ORDINARY_PKT   03 01 00 0A 00 14 0A 00 00 00 00 00 00 00 00 00 00 00 00 00 00 00 00 00 00 00 00 00
       0000  0014  FFFF  45  28  66538527  0037655.914  ORDINARY_PKT   03 01 00 00 00 14 00 00 00 00 00 00 00 00 00 00 00 00 00 00 00 00 00 00 00 00 00 00
       0001  0014  FFFF  45  28  66538571  0037655.957  ORDINARY_PKT   03 01 00 01 00 14 01 00 00 00 00 00 00 00 00 00 00 00 00 00 00 00 00 00 00 00 00 00
       0002  0014  FFFF  45  28  66538625  0037656.008  ORDINARY_PKT   03 01 00 02 00 14 02 00 00 00 00 00 00 00 00 00 00 00 00 00 00 00 00 00 00 00 00 00
       0003  0014  FFFF  45  28  66538676  00037656.06  ORDINARY_PKT   03 01 00 03 00 14 03 00 00 00 00 00 00 00 00 00 00 00 00 00 00 00 00 00 00 00 00 00
       0004  0014  FFFF  45  28  66538719  000037656.1  ORDINARY_PKT   03 01 00 04 00 14 04 00 00 00 00 00 00 00 00 00 00 00 00 00 00 00 00 00 00 00 00 00
       0005  0014  FFFF  45  28  66538768  00037656.15  ORDINARY_PKT   03 01 00 05 00 14 05 00 00 00 00 00 00 00 00 00 00 00 00 00 00 00 00 00 00 00 00 00
       0006  0014  FFFF  45  28  66538823  0037656.203  ORDINARY_PKT   03 01 00 06 00 14 06 00 00 00 00 00 00 00 00 00 00 00 00 00 00 00 00 00 00 00 00 00
       0007  0014  FFFF  45  28  66538869  00037656.25  ORDINARY_PKT   03 01 00 07 00 14 07 00 00 00 00 00 00 00 00 00 00 00 00 00 00 00 00 00 00 00 00 00
       0008  0014  FFFF  45  28  66538920  000037656.3  ORDINARY_PKT   03 01 00 08 00 14 08 00 00 00 00 00 00 00 00 00 00 00 00 00 00 00 00 00 00 00 00 00
       0009  0014  FFFF  45  28  66538972  00037656.35  ORDINARY_PKT   03 01 00 09 00 14 09 00 00 00 00 00 00 00 00 00 00 00 00 00 00 00 00 00 00 00 00 00
       0010  0014  FFFF  45  28  66539020  000037656.4  ORDINARY_PKT   03 01 00 0A 00 14 0A 00 00 00 00 00 00 00 00 00 00 00 00 00 00 00 00 00 00 00 00 00
       0011  0014  FFFF  45  28  66539073  00037656.45  ORDINARY_PKT   03 01 00 0B 00 14 0B 00 00 00 00 00 00 00 00 00 00 00 00 00 00 00 00 00 00 00 00 00
       0012  0014  FFFF  45  28  66539119  0037656.492  ORDINARY_PKT   03 01 00 0C 00 14 0C 00 00 00 00 00 00 00 00 00 00 00 00 00 00 00 00 00 00 00 00 00
       0013  0014  FFFF  45  28  66539175  0037656.547  ORDINARY_PKT   03 01 00 0D 00 14 0D 00 00 00 00 00 00 00 00 00 00 00 00 00 00 00 00 00 00 00 00 00
       0014  0014  FFFF  45  28  66539223  0037656.594  ORDINARY_PKT   03 01 00 0E 00 14 0E 00 00 00 00 00 00 00 00 00 00 00 00 00 00 00 00 00 00 00 00 00
       0015  0014  FFFF  45  28  66539266  0037656.637  ORDINARY_PKT   03 01 00 0F 00 14 0F 00 00 00 00 00 00 00 00 00 00 00 00 00 00 00 00 00 00 00 00 00
       0016  0014  FFFF  45  28  66539321  00037656.69  ORDINARY_PKT   03 01 00 10 00 14 10 00 00 00 00 00 00 00 00 00 00 00 00 00 00 00 00 00 00 00 00 00
       0017  0014  FFFF  45  28  66539370  00037656.74  ORDINARY_PKT   03 01 00 11 00 14 11 00 00 00 00 00 00 00 00 00 00 00 00 00 00 00 00 00 00 00 00 00
       0018  0014  FFFF  45  28  66539421  00037656.79  ORDINARY_PKT   03 01 00 12 00 14 12 00 00 00 00 00 00 00 00 00 00 00 00 00 00 00 00 00 00 00 00 00
       0019  0014  FFFF  45  28  66539469  0037656.836  ORDINARY_PKT   03 01 00 13 00 14 13 00 00 00 00 00 00 00 00 00 00 00 00 00 00 00 00 00 00 00 00 00
       0020  0014  FFFF  45  28  66539523  00037656.89  ORDINARY_PKT   03 01 00 14 00 14 14 00 00 00 00 00 00 00 00 00 00 00 00 00 00 00 00 00 00 00 00 00
       0021  0014  FFFF  45  28  66539573  0037656.938  ORDINARY_PKT   03 01 00 15 00 14 15 00 00 00 00 00 00 00 00 00 00 00 00 00 00 00 00 00 00 00 00 00
       0022  0014  FFFF  45  28  66539621  0037656.984  ORDINARY_PKT   03 01 00 16 00 14 16 00 00 00 00 00 00 00 00 00 00 00 00 00 00 00 00 00 00 00 00 00
       0023  0014  FFFF  45  28  66539671  00037657.03  ORDINARY_PKT   03 01 00 17 00 14 17 00 00 00 00 00 00 00 00 00 00 00 00 00 00 00 00 00 00 00 00 00
       0024  0014  FFFF  45  28  66539721  00037657.08  ORDINARY_PKT   03 01 00 18 00 14 18 00 00 00 00 00 00 00 00 00 00 00 00 00 00 00 00 00 00 00 00 00
       0025  0014  FFFF  40  23  66539729  0037657.086  ORDINARY_PKT   01 01 00 19 00 14 7E 00 00 04 C7 00 00 00 00 00 00 19 00 00 02 BC 7E
       0026  0014  FFFF  45  28  66539769  0037657.125  ORDINARY_PKT   03 01 00 1A 00 14 19 00 00 00 00 00 00 00 00 00 00 00 00 00 00 00 00 00 00 00 00 00
       0027  0014  FFFF  45  28  66539820  0037657.176  ORDINARY_PKT   03 01 00 1B 00 14 1A 00 00 00 00 00 00 00 00 00 00 00 00 00 00 00 00 00 00 00 00 00
       0028  0014  FFFF  45  28  66539869  0037657.223  ORDINARY_PKT   03 01 00 1C 00 14 1B 00 00 00 00 00 00 00 00 00 00 00 00 00 00 00 00 00 00 00 00 00
       0029  0014  FFFF  45  28  66539919  0037657.273  ORDINARY_PKT   03 01 00 1D 00 14 1C 00 00 00 00 00 00 00 00 00 00 00 00 00 00 00 00 00 00 00 00 00
       0030  0014  FFFF  45  28  66539970  0037657.324  ORDINARY_PKT   03 01 00 1E 00 14 1D 00 00 00 00 00 00 00 00 00 00 00 00 00 00 00 00 00 00 00 00 00
       0031  0014  FFFF  45  28  66540024  0037657.375  ORDINARY_PKT   03 01 00 1F 00 14 1E 00 00 00 00 00 00 00 00 00 00 00 00 00 00 00 00 00 00 00 00 00
       0032  0014  FFFF  45  28  66540072  00037657.42  ORDINARY_PKT   03 01 00 20 00 14 1F 00 00 00 00 00 00 00 00 00 00 00 00 00 00 00 00 00 00 00 00 00
       0033  0014  FFFF  45  28  66540123  0037657.473  ORDINARY_PKT   03 01 00 21 00 14 20 00 00 00 00 00 00 00 00 00 00 00 00 00 00 00 00 00 00 00 00 00
       0039  0014  FFFF  45  28  66540421  0037657.766  ORDINARY_PKT   03 01 00 27 00 14 26 00 00 00 00 00 00 00 00 00 00 00 00 00 00 00 00 00 00 00 00 00
       0040  0014  FFFF  45  28  66540467  0037657.812  ORDINARY_PKT   03 01 00 28 00 14 27 00 00 00 00 00 00 00 00 00 00 00 00 00 00 00 00 00 00 00 00 00
       0041  0014  FFFF  45  28  66540524  0037657.867  ORDINARY_PKT   03 01 00 29 00 14 28 00 00 00 00 00 00 00 00 00 00 00 00 00 00 00 00 00 00 00 00 00
       0042  0014  FFFF  45  28  66540566  0037657.906  ORDINARY_PKT   03 01 00 2A 00 14 29 00 00 00 00 00 00 00 00 00 00 00 00 00 00 00 00 00 00 00 00 00
       0043  0014  FFFF  45  28  66540622  00037657.96  ORDINARY_PKT   03 01 00 2B 00 14 2A 00 00 00 00 00 00 00 00 00 00 00 00 00 00 00 00 00 00 00 00 00
       0044  0014  FFFF  45  28  66540673  00037658.01  ORDINARY_PKT   03 01 00 2C 00 14 2B 00 00 00 00 00 00 00 00 00 00 00 00 00 00 00 00 00 00 00 00 00
